 4.02730375426621e+001    1.54361016306409e+000
 4.50511945392491e+001    1.46918117907879e+000
 5.05119453924915e+001    1.40976050873662e+000
 5.52901023890785e+001    1.35028878970858e+000
 6.14334470989761e+001    1.29839780053091e+000
 6.27986348122867e+001    1.39572212012485e+000
 6.62116040955631e+001    1.38849873107552e+000
 7.03071672354949e+001    1.38132639071206e+000
 8.05460750853242e+001    1.36713485604271e+000
 9.01023890784983e+001    1.35289227268749e+000
 1.00341296928328e+002    1.34617937049678e+000
 1.50170648464164e+002    1.33494865960736e+000
 1.60409556313993e+002    1.33571438989528e+000
 1.75426621160410e+002    1.33683746098422e+000
 2.00000000000000e+002    1.34615384615385e+000
