 4.75709779179811e+001    1.21686190198718e-001
 5.36277602523659e+001    1.29353613695272e-001
 6.11987381703470e+001    1.37664007715646e-001
 6.92744479495268e+001    1.44065582993430e-001
 7.63406940063092e+001    1.49826197030280e-001
 8.69400630914826e+001    1.56237818722498e-001
 9.35015772870662e+001    1.60722538126143e-001
 1.01577287066246e+002    1.65213285378448e-001
 1.08643533123028e+002    1.69063071389821e-001
 1.16214511041009e+002    1.72277924008921e-001
 1.22776025236593e+002    1.74851815387088e-001
 1.29842271293375e+002    1.78064658723302e-001
 1.37917981072555e+002    1.81281520625289e-001
 1.45993690851735e+002    1.83224497176958e-001
 1.51545741324921e+002    1.85794369989351e-001
 1.59621451104101e+002    1.87100403865860e-001
 1.67697160883281e+002    1.89043380417529e-001
 1.76277602523659e+002    1.90988366252085e-001
 1.83343848580442e+002    1.82099298760272e-001
 1.98990536277603e+002    1.84072414555245e-001
