0.0	0.132775151899	1.67914981013e-05	0.0	1.04853291139
1.125	0.131240075949	-0.00443894974684	0.0	1.04277974684
2.25	0.131463164557	-0.0133191139241	0.0	1.04144050633
3.375	0.131904734177	-0.022177656962	0.0	1.03869873418
4.5	0.132565949367	-0.030994964557	0.0	1.03464810127
5.625	0.133445	-0.0397565075949	0.0	1.02925316456
6.75	0.134539265823	-0.0484459	0.0	1.02253164557
7.875	0.135846063291	-0.0570482025316	0.0	1.01448860759
9.0	0.137360708861	-0.0655465582278	0.0	1.00510632911
10.125	0.139078974684	-0.0739261189873	0.0	0.994432911392
11.25	0.140996202532	-0.0821730911392	0.0	0.982458227848
12.375	0.143106075949	-0.0902716379747	0.0	0.969210126582
13.5	0.145402329114	-0.0982074253165	0.0	0.954708860759
14.625	0.147877734177	-0.105968139241	0.0	0.938941772152
15.75	0.150524113924	-0.113538911392	0.0	0.921972151899
16.875	0.153332860759	-0.120906139241	0.0	0.903787341772
18.0	0.156295607595	-0.128059025316	0.0	0.884440506329
19.125	0.159404126582	-0.134986974684	0.0	0.863944303797
20.25	0.162647873418	-0.141679088608	0.0	0.842351898734
21.375	0.166012582278	-0.148120493671	0.0	0.819627848101
22.5	0.169490493671	-0.15430343038	0.0	0.795875949367
23.625	0.173070759494	-0.160220367089	0.0	0.771116455696
24.75	0.176739240506	-0.165860746835	0.0	0.745362025316
25.875	0.180485126582	-0.17121664557	0.0	0.718673417722
27.0	0.184293164557	-0.176279531646	0.0	0.691070886076
28.125	0.188153177215	-0.181045341772	0.0	0.66262278481
29.25	0.19205264557	-0.185507329114	0.0	0.633362025316
30.375	0.195976113924	-0.189659582278	0.0	0.603308860759
31.5	0.199908873418	-0.193497443038	0.0	0.572534177215
32.625	0.203838518987	-0.19702	0.0	0.541093670886
33.75	0.207750860759	-0.200221455696	0.0	0.509007594937
34.875	0.211632189873	-0.203099113924	0.0	0.476367088608
36.0	0.215467974684	-0.205653253165	0.0	0.443174683544
37.125	0.219243164557	-0.207883860759	0.0	0.409529113924
38.25	0.222943329114	-0.209790822785	0.0	0.37544556962
39.375	0.226554189873	-0.211374911392	0.0	0.341017721519
40.5	0.230061405063	-0.212637012658	0.0	0.306248101266
41.625	0.233446316456	-0.213578278481	0.0	0.271217721519
42.75	0.236692936709	-0.214203177215	0.0	0.236035443038
43.875	0.239777848101	-0.214507012658	0.0	0.200665822785
45.0	0.242659696203	-0.214489253165	0.0	0.165440506329
46.125	0.24532635443	-0.214156886076	0.0	0.130470886076
47.25	0.247787164557	-0.21349178481	0.0	0.0953088607595
48.375	0.250031012658	-0.212490797468	0.0	0.059964556962
49.5	0.252051329114	-0.211185253165	0.0	0.0247139240506
50.625	0.253843974684	-0.209590658228	0.0	-0.0103949367089
51.75	0.255394746835	-0.20771543038	0.0	-0.0452455696203
52.875	0.256695531646	-0.205574708861	0.0	-0.0799189873418
54.0	0.257744620253	-0.203183417722	0.0	-0.11437721519
55.125	0.258538063291	-0.200554113924	0.0	-0.148491139241
56.25	0.259072936709	-0.197700075949	0.0	-0.182250632911
57.375	0.259345329114	-0.194635265823	0.0	-0.215551898734
58.5	0.259351189873	-0.191373594937	0.0	-0.248364556962
59.625	0.25908821519	-0.18792764557	0.0	-0.280620253165
60.75	0.25855956962	-0.184311329114	0.0	-0.312270886076
61.875	0.257761544304	-0.180535556962	0.0	-0.343260759494
63.0	0.256694455696	-0.176615088608	0.0	-0.373569620253
64.125	0.255359443038	-0.172566088608	0.0	-0.403093670886
65.25	0.253761050633	-0.168401063291	0.0	-0.431848101266
66.375	0.251896962025	-0.164129746835	0.0	-0.459764556962
67.5	0.249772189873	-0.159768658228	0.0	-0.486794936709
68.625	0.247390240506	-0.155328835443	0.0	-0.512934177215
69.75	0.244759987342	-0.15082664557	0.0	-0.538093670886
70.875	0.241883202532	-0.146273822785	0.0	-0.562306329114
72.0	0.238761987342	-0.141678443038	0.0	-0.585518987342
73.125	0.235410746835	-0.137057797468	0.0	-0.60766835443
74.25	0.231837063291	-0.132425303797	0.0	-0.628789873418
75.375	0.228046253165	-0.127790734177	0.0	-0.648853164557
76.5	0.224044139241	-0.123164974684	0.0	-0.667843037975
77.625	0.219842379747	-0.118559531646	0.0	-0.685744303797
78.75	0.215453759494	-0.113985987342	0.0	-0.702524050633
79.875	0.210884772152	-0.10945543038	0.0	-0.71822278481
81.0	0.206147050633	-0.10497764557	0.0	-0.732807594937
82.125	0.201256367089	-0.100562870886	0.0	-0.746288607595
83.25	0.196219544304	-0.0962195696203	0.0	-0.758706329114
84.375	0.191048898734	-0.091957064557	0.0	-0.770035443038
85.5	0.185761594937	-0.087784335443	0.0	-0.780288607595
86.625	0.18036756962	-0.0837083037975	0.0	-0.789503797468
87.75	0.174878721519	-0.0797367139241	0.0	-0.797708860759
88.875	0.169309227848	-0.0758769037975	0.0	-0.804896202532
90.0	0.163671607595	-0.0721344607595	0.0	-0.811098734177
91.125	0.157980848101	-0.0685154886076	0.0	-0.816351898734
92.25	0.152251177215	-0.0650253063291	0.0	-0.820721518987
93.375	0.146493759494	-0.0616680139241	0.0	-0.824192405063
94.5	0.140722974684	-0.0584474848101	0.0	-0.826820253165
95.625	0.134951835443	-0.0553672240506	0.0	-0.828640506329
96.75	0.12919421519	-0.052430278481	0.0	-0.829683544304
97.875	0.123465050633	-0.0496385329114	0.0	-0.830007594937
99.0	0.117774050633	-0.0469929443038	0.0	-0.829643037975
100.125	0.112133037975	-0.0444948291139	0.0	-0.828625316456
101.25	0.106557329114	-0.0421444126582	0.0	-0.827025316456
102.375	0.101055781013	-0.0399411088608	0.0	-0.824860759494
103.5	0.0956387164557	-0.0378837683544	0.0	-0.822184810127
104.625	0.0903189886076	-0.0359710658228	0.0	-0.819025316456
105.75	0.0851053518987	-0.0342012012658	0.0	-0.815435443038
106.875	0.0800058886076	-0.0325713506329	0.0	-0.811465822785
108.0	0.0750301911392	-0.0310785151899	0.0	-0.80713164557
109.125	0.0701873278481	-0.0297185797468	0.0	-0.802498734177
110.25	0.065483943038	-0.0284879797468	0.0	-0.797597468354
111.375	0.060924921519	-0.027382935443	0.0	-0.792455696203
112.5	0.0565165797468	-0.0263983329114	0.0	-0.787103797468
113.625	0.0522651949367	-0.0255289037975	0.0	-0.781584810127
114.75	0.0481733848101	-0.0247698873418	0.0	-0.775936708861
115.875	0.0442445886076	-0.0241155594937	0.0	-0.770162025316
117.0	0.0404813582278	-0.0235603594937	0.0	-0.764306329114
118.125	0.0368864708861	-0.0230984721519	0.0	-0.758417721519
119.25	0.0334600126582	-0.0227238822785	0.0	-0.752481012658
120.375	0.0302024278481	-0.0224306151899	0.0	-0.746539240506
121.5	0.0271136468354	-0.0222129810127	0.0	-0.740602531646
122.625	0.0241927202532	-0.0220646734177	0.0	-0.734698734177
123.75	0.0214374924051	-0.0219797772152	0.0	-0.728837974684
124.875	0.0188458012658	-0.0219521341772	0.0	-0.723025316456
126.0	0.0164148772152	-0.0219759379747	0.0	-0.717291139241
127.125	0.0141414822785	-0.0220452303797	0.0	-0.711632911392
128.25	0.0120219291139	-0.0221543962025	0.0	-0.706055696203
129.375	0.0100516991139	-0.0222976556962	0.0	-0.700569620253
130.5	0.00822643227848	-0.0224693189873	0.0	-0.695192405063
131.625	0.00654122392405	-0.0226638898734	0.0	-0.689893670886
132.75	0.00499070126582	-0.0228761316456	0.0	-0.68475443038
133.875	0.00356986202532	-0.0231001278481	0.0	-0.679650632911
135.0	0.00227267860759	-0.0233318	0.0	-0.674701265823
136.125	0.0010912081038	-0.0235675936709	0.0	-0.669913924051
137.25	2.21062962025e-05	-0.023799664557	0.0	-0.665275949367
138.375	-0.000936350475949	-0.0240199316456	0.0	-0.660686075949
139.5	-0.00178991508861	-0.0242236265823	0.0	-0.656220253165
140.625	-0.00254489341772	-0.0244068772152	0.0	-0.651825316456
141.75	-0.00320730139241	-0.0245656721519	0.0	-0.647513924051
142.875	-0.00378336189873	-0.0246962936709	0.0	-0.643308860759
144.0	-0.00427892316456	-0.0247950417722	0.0	-0.639184810127
145.125	-0.0046997156962	-0.0248583392405	0.0	-0.635136708861
146.25	-0.00505133594937	-0.024882678481	0.0	-0.63117721519
147.375	-0.00533918025316	-0.0248646594937	0.0	-0.627303797468
148.5	-0.00556849962025	-0.0248010278481	0.0	-0.623491139241
149.625	-0.00574425936709	-0.0246888316456	0.0	-0.619784810127
150.75	-0.00587132873418	-0.0245255126582	0.0	-0.616156962025
151.875	-0.00595417620253	-0.0243083455696	0.0	-0.612597468354
153.0	-0.00599731873418	-0.0240350506329	0.0	-0.609149367089
154.125	-0.00600516189873	-0.0237036620253	0.0	-0.605746835443
155.25	-0.00598172202532	-0.0233126367089	0.0	-0.602437974684
156.375	-0.00593062063291	-0.0228602670886	0.0	-0.599235443038
157.5	-0.00585579683544	-0.0223456113924	0.0	-0.596149367089
158.625	-0.00576063987342	-0.0217679759494	0.0	-0.593108860759
159.75	-0.00564876746835	-0.0211272063291	0.0	-0.590184810127
160.875	-0.00552331455696	-0.0204231670886	0.0	-0.587382278481
162.0	-0.00538698582278	-0.0196559632911	0.0	-0.584665822785
163.125	-0.00524310962025	-0.0188269594937	0.0	-0.582098734177
164.25	-0.00509448531646	-0.0179373463291	0.0	-0.579643037975
165.375	-0.00494358683544	-0.016988614557	0.0	-0.577286075949
166.5	-0.00479278949367	-0.0159825518987	0.0	-0.575101265823
167.625	-0.0046444178481	-0.0149216767089	0.0	-0.573040506329
168.75	-0.00450067341772	-0.0138089548101	0.0	-0.571126582278
169.875	-0.00436354177215	-0.0126473564557	0.0	-0.569356962025
171.0	-0.00423481240506	-0.0114403921519	0.0	-0.567749367089
172.125	-0.00411622379747	-0.0101920959785	0.0	-0.566316455696
173.25	-0.00400914924051	-0.00890643679734	0.0	-0.565048101266
174.375	-0.00391488329114	-0.00758776090633	0.0	-0.563944303797
175.5	-0.00383467405063	-0.00624085867089	0.0	-0.563035443038
176.625	-0.00376938063291	-0.00487055397468	0.0	-0.562293670886
177.75	-0.00371976531646	-0.00348175909494	0.0	-0.561734177215
178.875	-0.00368643202532	-0.00207975160886	0.0	-0.561367088608
180.0	-0.00366968468354	-0.000669733088608	0.0	-0.5612
