0.0	0.256122438596	-0.000122819332456	0.0	0.952163157895
1.125	0.25406145614	-0.00616856140351	0.0	0.947915789474
2.25	0.254311964912	-0.0182278663684	0.0	0.946933333333
3.375	0.254804736842	-0.0302666052632	0.0	0.944828070175
4.5	0.255542684211	-0.0422562526316	0.0	0.941705263158
5.625	0.256524947368	-0.0541826596491	0.0	0.937519298246
6.75	0.257749035088	-0.0660256561404	0.0	0.932312280702
7.875	0.25921322807	-0.0777684596491	0.0	0.926045614035
9.0	0.260913157895	-0.0893905210526	0.0	0.918729824561
10.125	0.262845175439	-0.100874068421	0.0	0.910375438596
11.25	0.26500554386	-0.112202142105	0.0	0.900975438596
12.375	0.267388298246	-0.123354947368	0.0	0.890543859649
13.5	0.269987736842	-0.134314333333	0.0	0.879042105263
14.625	0.272796122807	-0.145064263158	0.0	0.866522807018
15.75	0.275805578947	-0.155584684211	0.0	0.852961403509
16.875	0.27900722807	-0.165857508772	0.0	0.838378947368
18.0	0.282391824561	-0.175867754386	0.0	0.822771929825
19.125	0.285950859649	-0.185599368421	0.0	0.806154385965
20.25	0.289672298246	-0.195037403509	0.0	0.788540350877
21.375	0.293538631579	-0.204159894737	0.0	0.769926315789
22.5	0.297541175439	-0.212955	0.0	0.750333333333
23.625	0.301666807018	-0.221410035088	0.0	0.729796491228
24.75	0.305897578947	-0.229508350877	0.0	0.70830877193
25.875	0.310219877193	-0.237237596491	0.0	0.685919298246
27.0	0.314613192982	-0.244583210526	0.0	0.662585964912
28.125	0.319064052632	-0.25153622807	0.0	0.63841754386
29.25	0.323555842105	-0.258085964912	0.0	0.613378947368
30.375	0.328067122807	-0.264220701754	0.0	0.587540350877
31.5	0.332577754386	-0.269931385965	0.0	0.560887719298
32.625	0.337069438596	-0.275213473684	0.0	0.533473684211
33.75	0.341522122807	-0.28005745614	0.0	0.505329824561
34.875	0.34591545614	-0.284456333333	0.0	0.47649122807
36.0	0.350229070175	-0.288407526316	0.0	0.447007017544
37.125	0.354440403509	-0.291908315789	0.0	0.41689122807
38.25	0.358529385965	-0.294957052632	0.0	0.386207017544
39.375	0.362474666667	-0.297552649123	0.0	0.355010526316
40.5	0.366256473684	-0.299695175439	0.0	0.323301754386
41.625	0.369848280702	-0.301383192982	0.0	0.291136842105
42.75	0.373229807018	-0.302623526316	0.0	0.258621052632
43.875	0.376365807018	-0.303406824561	0.0	0.225712280702
45.0	0.379198561404	-0.303728859649	0.0	0.192621052632
46.125	0.381727403509	-0.303623631579	0.0	0.159515789474
47.25	0.383954596491	-0.303089298246	0.0	0.126007017544
48.375	0.385838754386	-0.302092508772	0.0	0.0922
49.5	0.387363789474	-0.300661789474	0.0	0.0583157894737
50.625	0.38851945614	-0.298818052632	0.0	0.0243192982456
51.75	0.389281561404	-0.296570614035	0.0	-0.00964912280702
52.875	0.389630631579	-0.293936350877	0.0	-0.0435087719298
54.0	0.389531245614	-0.290916035088	0.0	-0.0771929824561
55.125	0.388957	-0.287521438596	0.0	-0.110831578947
56.25	0.387913947368	-0.283786508772	0.0	-0.144487719298
57.375	0.386407052632	-0.279742192982	0.0	-0.178010526316
58.5	0.384440385965	-0.275418438596	0.0	-0.211371929825
59.625	0.382019964912	-0.270842719298	0.0	-0.244449122807
60.75	0.379159017544	-0.266042719298	0.0	-0.277185964912
61.875	0.375862491228	-0.261041421053	0.0	-0.309515789474
63.0	0.372141210526	-0.255865912281	0.0	-0.341407017544
64.125	0.368007789474	-0.250545157895	0.0	-0.372771929825
65.25	0.363478333333	-0.245102719298	0.0	-0.403592982456
66.375	0.35856177193	-0.239556666667	0.0	-0.43378245614
67.5	0.353276807018	-0.233934157895	0.0	-0.46329122807
68.625	0.347640280702	-0.228253491228	0.0	-0.492098245614
69.75	0.341676175439	-0.222539614035	0.0	-0.520126315789
70.875	0.335400087719	-0.21681045614	0.0	-0.547361403509
72.0	0.328826596491	-0.211077263158	0.0	-0.573768421053
73.125	0.321988122807	-0.205362859649	0.0	-0.599287719298
74.25	0.314906631579	-0.199684070175	0.0	-0.623877192982
75.375	0.307601403509	-0.194051614035	0.0	-0.647519298246
76.5	0.300090964912	-0.18847677193	0.0	-0.670224561404
77.625	0.292401807018	-0.182970807018	0.0	-0.691922807018
78.75	0.284561210526	-0.17754354386	0.0	-0.712603508772
79.875	0.276586842105	-0.172203947368	0.0	-0.732245614035
81.0	0.268502333333	-0.16695822807	0.0	-0.750859649123
82.125	0.260335701754	-0.161813017544	0.0	-0.768428070175
83.25	0.252102526316	-0.156771473684	0.0	-0.784926315789
84.375	0.243823894737	-0.151837842105	0.0	-0.800361403509
85.5	0.235526385965	-0.147015982456	0.0	-0.814778947368
86.625	0.227226175439	-0.142306350877	0.0	-0.828129824561
87.75	0.218940578947	-0.137711105263	0.0	-0.840449122807
88.875	0.210689385965	-0.133231631579	0.0	-0.851768421053
90.0	0.202488491228	-0.128867824561	0.0	-0.862059649123
91.125	0.194356561404	-0.124620614035	0.0	-0.871410526316
92.25	0.186309824561	-0.120490315789	0.0	-0.879775438597
93.375	0.178360719298	-0.116476438596	0.0	-0.887242105263
94.5	0.170523912281	-0.112579	0.0	-0.893814035088
95.625	0.162812929825	-0.108798389474	0.0	-0.899543859649
96.75	0.155240859649	-0.105134910526	0.0	-0.904424561404
97.875	0.147821859649	-0.101588703509	0.0	-0.908547368421
99.0	0.140563912281	-0.0981590807018	0.0	-0.911936842105
100.125	0.133476824561	-0.0948469596491	0.0	-0.914621052632
101.25	0.126574105263	-0.0916525105263	0.0	-0.916673684211
102.375	0.119862052632	-0.088575345614	0.0	-0.918119298246
103.5	0.113348159649	-0.0856153385965	0.0	-0.919
104.625	0.107042564912	-0.0827722649123	0.0	-0.919368421053
105.75	0.100951147368	-0.0800459210526	0.0	-0.919273684211
106.875	0.0950788298246	-0.0774351052632	0.0	-0.918740350877
108.0	0.0894318333333	-0.0749386017544	0.0	-0.917828070175
109.125	0.0840159403509	-0.0725541789474	0.0	-0.916592982456
110.25	0.0788341087719	-0.0702799929825	0.0	-0.915024561404
111.375	0.073887777193	-0.0681137631579	0.0	-0.913238596491
112.5	0.0691794947368	-0.066052245614	0.0	-0.911210526316
113.625	0.0647115385965	-0.0640914070175	0.0	-0.908992982456
114.75	0.0604828947368	-0.0622275561404	0.0	-0.90661754386
115.875	0.0564928421053	-0.0604559614035	0.0	-0.904129824561
117.0	0.0527401175439	-0.0587718666667	0.0	-0.901536842105
118.125	0.0492233473684	-0.0571702649123	0.0	-0.898859649123
119.25	0.0459386578947	-0.0556456157895	0.0	-0.896133333333
120.375	0.0428824929825	-0.0541924684211	0.0	-0.893389473684
121.5	0.0400508842105	-0.0528058789474	0.0	-0.890645614035
122.625	0.0374387649123	-0.0514802210526	0.0	-0.88789122807
123.75	0.0350401701754	-0.0502105578947	0.0	-0.885168421053
124.875	0.0328490666667	-0.0489919491228	0.0	-0.882494736842
126.0	0.0308586982456	-0.0478201491228	0.0	-0.879870175439
127.125	0.0290618491228	-0.0466912017544	0.0	-0.877294736842
128.25	0.0274507912281	-0.0456018192982	0.0	-0.874789473684
129.375	0.0260169964912	-0.0445489842105	0.0	-0.872371929825
130.5	0.024751895614	-0.0435303438596	0.0	-0.870056140351
131.625	0.0236464377193	-0.0425438192982	0.0	-0.8678
132.75	0.022690942807	-0.0415881017544	0.0	-0.865670175439
133.875	0.0218758094737	-0.0406615789474	0.0	-0.863621052632
135.0	0.0211908578947	-0.0397642385965	0.0	-0.861677192982
136.125	0.0206239626316	-0.0388972982456	0.0	-0.859845614035
137.25	0.020166527193	-0.0380578436842	0.0	-0.858056140351
138.375	0.0198121094737	-0.0372420994737	0.0	-0.856389473684
139.5	0.0195502608772	-0.0364495059649	0.0	-0.854789473684
140.625	0.0193703689474	-0.0356799920702	0.0	-0.853242105263
141.75	0.0192624264912	-0.034932772386	0.0	-0.85181754386
142.875	0.0192166663158	-0.0342068460526	0.0	-0.850484210526
144.0	0.0192239863158	-0.033500804386	0.0	-0.849189473684
145.125	0.0192759396491	-0.0328126351579	0.0	-0.847978947368
146.25	0.0193647510526	-0.0321399388421	0.0	-0.846792982456
147.375	0.019483277193	-0.0314797402807	0.0	-0.84569122807
148.5	0.0196250842105	-0.0308285366667	0.0	-0.844656140351
149.625	0.019784622807	-0.0301824948772	0.0	-0.843642105263
150.75	0.0199567824561	-0.029537676614	0.0	-0.842659649123
151.875	0.020137477193	-0.0288893921053	0.0	-0.841722807018
153.0	0.0203229122807	-0.0282329968246	0.0	-0.840824561404
154.125	0.0205098824561	-0.0275637168421	0.0	-0.839929824561
155.25	0.0206958894737	-0.0268767664912	0.0	-0.839056140351
156.375	0.0208791368421	-0.0261670763158	0.0	-0.838207017544
157.5	0.0210576736842	-0.0254300050877	0.0	-0.837375438596
158.625	0.0212303473684	-0.0246610746842	0.0	-0.836550877193
159.75	0.0213959280702	-0.0238561652333	0.0	-0.835743859649
160.875	0.0215537421053	-0.0230113400526	0.0	-0.834933333333
162.0	0.0217035964912	-0.0221228384211	0.0	-0.834147368421
163.125	0.0218445982456	-0.0211882726316	0.0	-0.83338245614
164.25	0.0219765	-0.0202051784211	0.0	-0.832642105263
165.375	0.0220992175439	-0.0191716131579	0.0	-0.831919298246
166.5	0.0222127280702	-0.0180863215789	0.0	-0.83121754386
167.625	0.022316954386	-0.0169488996491	0.0	-0.830561403509
168.75	0.0224117631579	-0.0157598817544	0.0	-0.829915789474
169.875	0.0224971982456	-0.0145201215789	0.0	-0.829326315789
171.0	0.0225733070175	-0.0132313720351	0.0	-0.828778947368
172.125	0.0226400175439	-0.0118963240526	0.0	-0.828273684211
173.25	0.0226974719298	-0.0105180054386	0.0	-0.8278
174.375	0.022745722807	-0.00910008157895	0.0	-0.827407017544
175.5	0.0227846596491	-0.00764714	0.0	-0.827080701754
176.625	0.0228144052632	-0.00616409507018	0.0	-0.826792982456
177.75	0.0228349964912	-0.00465617403509	0.0	-0.826575438596
178.875	0.0228464280702	-0.00312920289474	0.0	-0.826442105263
180.0	0.0228488175439	-0.00158916070175	0.0	-0.82638245614
