0.0	0.00277897522059	-1.37091698529e-05	0.0	1.07433823529
1.125	0.00248052264706	-0.000946835958824	0.0	1.07313529412
2.25	0.00255268867647	-0.00281053294118	0.0	1.07106470588
3.375	0.00269297955882	-0.00466869970588	0.0	1.06695
4.5	0.00290322029412	-0.00651394470588	0.0	1.06083823529
5.625	0.00318226338235	-0.00834163132353	0.0	1.05271176471
6.75	0.00352879014706	-0.0101467614706	0.0	1.04256470588
7.875	0.00394207985294	-0.01192665	0.0	1.03044117647
9.0	0.00441968941176	-0.0136740514706	0.0	1.01635
10.125	0.00495981352941	-0.0153843235294	0.0	1.00033823529
11.25	0.00556101367647	-0.0170559588235	0.0	0.982452941176
12.375	0.00622051264706	-0.0186837205882	0.0	0.962667647059
13.5	0.00693548470588	-0.0202603617647	0.0	0.941085294118
14.625	0.00770364735294	-0.0217854985294	0.0	0.917708823529
15.75	0.00852160058824	-0.0232553132353	0.0	0.892611764706
16.875	0.00938538441176	-0.0246620397059	0.0	0.865808823529
18.0	0.0102924470588	-0.0260060191176	0.0	0.837402941176
19.125	0.0112405352941	-0.0272857132353	0.0	0.807435294118
20.25	0.0122252823529	-0.0284991147059	0.0	0.775917647059
21.375	0.0132401220588	-0.0296368911765	0.0	0.742929411765
22.5	0.0142850279412	-0.0307032308824	0.0	0.708597058824
23.625	0.0153550691176	-0.0316938838235	0.0	0.672929411765
24.75	0.0164442558824	-0.0326074529412	0.0	0.636026470588
25.875	0.0175497764706	-0.0334407544118	0.0	0.597935294118
27.0	0.0186669691176	-0.0341927735294	0.0	0.558723529412
28.125	0.0197927455882	-0.0348660279412	0.0	0.518541176471
29.25	0.0209221397059	-0.0354572647059	0.0	0.477411764706
30.375	0.0220508926471	-0.0359651632353	0.0	0.435397058824
31.5	0.023173525	-0.0363892294118	0.0	0.392605882353
32.625	0.0242884279412	-0.0367345102941	0.0	0.349097058824
33.75	0.0253898014706	-0.0369968882353	0.0	0.305008823529
34.875	0.0264734882353	-0.0371762794118	0.0	0.260429411765
36.0	0.0275373367647	-0.0372758338235	0.0	0.215367647059
37.125	0.0285763514706	-0.0372977794118	0.0	0.170002941176
38.25	0.0295867352941	-0.0372430838235	0.0	0.124347058824
39.375	0.0305680573529	-0.0371140867647	0.0	0.0784794117647
40.5	0.0315175955882	-0.0369141338235	0.0	0.0325647058823
41.625	0.0324322426471	-0.0366453264706	0.0	-0.0134941176471
42.75	0.0333077970588	-0.0363132852941	0.0	-0.0594294117647
43.875	0.0341452235294	-0.0359207323529	0.0	-0.105479411765
45.0	0.0349250514706	-0.0354900044118	0.0	-0.150670588235
46.125	0.0356950455882	-0.0350707161765	0.0	-0.194491176471
47.25	0.0364935514706	-0.0346297455882	0.0	-0.238808823529
48.375	0.0372752014706	-0.0341189647059	0.0	-0.283041176471
49.5	0.0380178102941	-0.0335577161765	0.0	-0.326220588235
50.625	0.0387176176471	-0.0329447191176	0.0	-0.368576470588
51.75	0.0393676147059	-0.0322831397059	0.0	-0.409944117647
52.875	0.0399645867647	-0.03157505	0.0	-0.450426470588
54.0	0.04050385	-0.0308219941176	0.0	-0.489835294118
55.125	0.0409819676471	-0.0300230117647	0.0	-0.528197058824
56.25	0.0413971044118	-0.0291809323529	0.0	-0.565526470588
57.375	0.0417460441176	-0.0282999838235	0.0	-0.601617647059
58.5	0.042024225	-0.0273815808824	0.0	-0.636520588235
59.625	0.0422305602941	-0.0264288691176	0.0	-0.670182352941
60.75	0.0423693426471	-0.0254474882353	0.0	-0.702491176471
61.875	0.0424336941176	-0.0244380191176	0.0	-0.733479411765
63.0	0.0424233058824	-0.0234058544118	0.0	-0.763052941176
64.125	0.0423383985294	-0.0223547926471	0.0	-0.791202941176
65.25	0.0421825735294	-0.0212896588235	0.0	-0.817944117647
66.375	0.0419516485294	-0.0202131573529	0.0	-0.843191176471
67.5	0.0416453235294	-0.0191297985294	0.0	-0.866902941176
68.625	0.0412672	-0.0180418970588	0.0	-0.889182352941
69.75	0.0408174161765	-0.0169559205882	0.0	-0.909852941176
70.875	0.0403011426471	-0.0158772235294	0.0	-0.929079411765
72.0	0.0397105794118	-0.0148042647059	0.0	-0.946761764706
73.125	0.0390578220588	-0.0137447455882	0.0	-0.962885294118
74.25	0.0383443867647	-0.0127035367647	0.0	-0.977526470588
75.375	0.0375709514706	-0.011682275	0.0	-0.990714705882
76.5	0.0367343764706	-0.0106832838235	0.0	-1.00241176471
77.625	0.0358451294118	-0.00971071794118	0.0	-1.01268823529
78.75	0.0349071161765	-0.00876852955882	0.0	-1.02151176471
79.875	0.0339173323529	-0.00785864985294	0.0	-1.02899117647
81.0	0.0328858676471	-0.00698399	0.0	-1.03513529412
82.125	0.0318198308824	-0.00614778455882	0.0	-1.03993823529
83.25	0.0307170926471	-0.00535073676471	0.0	-1.04354411765
84.375	0.0295814397059	-0.00459475411765	0.0	-1.04590294118
85.5	0.0284249102941	-0.00388292941176	0.0	-1.04710588235
86.625	0.0272478808824	-0.00321448014706	0.0	-1.04724411765
87.75	0.0260525058824	-0.00259227308824	0.0	-1.04630588235
88.875	0.0248454544118	-0.00201516882353	0.0	-1.04439117647
90.0	0.0236315705882	-0.00148472117647	0.0	-1.04155882353
91.125	0.0224160264706	-0.00100095061765	0.0	-1.03783823529
92.25	0.021203225	-0.000563268705882	0.0	-1.0333
93.375	0.0199969823529	-0.000171165911765	0.0	-1.02804705882
94.5	0.0188013647059	0.000175234955882	0.0	-1.02207058824
95.625	0.0176192382353	0.000478292779412	0.0	-1.01547941176
96.75	0.0164563897059	0.000737841676471	0.0	-1.00832352941
97.875	0.0153183808824	0.000956396588235	0.0	-1.00067058824
99.0	0.0142043558824	0.00113508676471	0.0	-0.992567647059
100.125	0.0131182426471	0.0012755425	0.0	-0.984052941176
101.25	0.0120655455882	0.00138023941176	0.0	-0.975232352941
102.375	0.0110471942647	0.00145093544118	0.0	-0.966117647059
103.5	0.0100634441176	0.00148978617647	0.0	-0.956767647059
104.625	0.00911847573529	0.00149933617647	0.0	-0.947232352941
105.75	0.00821366823529	0.00148155161765	0.0	-0.937552941176
106.875	0.00734871411765	0.0014388825	0.0	-0.9278
108.0	0.00652615705882	0.00137375132353	0.0	-0.917973529412
109.125	0.00574688044118	0.0012889075	0.0	-0.908135294118
110.25	0.00501129367647	0.00118643620588	0.0	-0.898314705882
111.375	0.00431817117647	0.00106822377941	0.0	-0.888558823529
112.5	0.00366875117647	0.000937103882353	0.0	-0.878861764706
113.625	0.00306213794118	0.000795104985294	0.0	-0.869291176471
114.75	0.00249798764706	0.000644068382353	0.0	-0.859867647059
115.875	0.00197514602941	0.000486101176471	0.0	-0.850585294118
117.0	0.00149296132353	0.000323142642647	0.0	-0.841482352941
118.125	0.00105057085294	0.000156847886529	0.0	-0.832576470588
119.25	0.000646256408824	-1.11925130441e-05	0.0	-0.823864705882
120.375	0.000278848198235	-0.000179459064853	0.0	-0.815385294118
121.5	-5.31928088235e-05	-0.000346678338235	0.0	-0.807129411765
122.625	-0.000351378719853	-0.00051161575	0.0	-0.799126470588
123.75	-0.000617548955882	-0.000673344088235	0.0	-0.791379411765
124.875	-0.000853351	-0.000830861338235	0.0	-0.783882352941
126.0	-0.00106056486765	-0.000983518235294	0.0	-0.776626470588
127.125	-0.00124103241176	-0.00113065175	0.0	-0.76965
128.25	-0.00139658205882	-0.00127185661765	0.0	-0.762902941176
129.375	-0.00152912117647	-0.00140693338235	0.0	-0.756429411765
130.5	-0.00164049823529	-0.00153569014706	0.0	-0.750229411765
131.625	-0.001732435	-0.00165801102941	0.0	-0.74425
132.75	-0.00180692544118	-0.00177399588235	0.0	-0.738520588235
133.875	-0.00186553794118	-0.00188357102941	0.0	-0.733002941176
135.0	-0.00191098441176	-0.00198667661765	0.0	-0.727729411765
136.125	-0.00194830308824	-0.00208739426471	0.0	-0.722779411765
137.25	-0.00197700867647	-0.00218693176471	0.0	-0.717964705882
138.375	-0.00199423397059	-0.00228180279412	0.0	-0.713338235294
139.5	-0.00200171147059	-0.00237145647059	0.0	-0.708908823529
140.625	-0.00200034661765	-0.00245632235294	0.0	-0.70465
141.75	-0.00199112955882	-0.00253637602941	0.0	-0.700582352941
142.875	-0.00197488632353	-0.00261173441176	0.0	-0.696644117647
144.0	-0.00195229073529	-0.00268229544118	0.0	-0.692861764706
145.125	-0.00192369720588	-0.00274789029412	0.0	-0.689247058824
146.25	-0.00188959205882	-0.00280835544118	0.0	-0.685714705882
147.375	-0.00185045088235	-0.00286332411765	0.0	-0.682311764706
148.5	-0.00180649029412	-0.00291225102941	0.0	-0.679
149.625	-0.00175798661765	-0.00295473720588	0.0	-0.675785294118
150.75	-0.00170534802941	-0.00299064073529	0.0	-0.672658823529
151.875	-0.00164859472059	-0.00301899470588	0.0	-0.669611764706
153.0	-0.00158807672059	-0.00303920838235	0.0	-0.666635294118
154.125	-0.00152403151471	-0.00305068611765	0.0	-0.663732352941
155.25	-0.00145678025	-0.00305302110294	0.0	-0.660885294118
156.375	-0.00138653464706	-0.00304523448529	0.0	-0.658094117647
157.5	-0.00131365220588	-0.00302662069118	0.0	-0.655379411765
158.625	-0.00123838207353	-0.00299674623824	0.0	-0.652735294118
159.75	-0.00116132352941	-0.00295497687353	0.0	-0.650161764706
160.875	-0.00108303159118	-0.00290105514118	0.0	-0.647647058824
162.0	-0.0010036438565	-0.00283389013088	0.0	-0.645217647059
163.125	-0.000924001225294	-0.00275385060735	0.0	-0.642864705882
164.25	-0.000844777040382	-0.00266065507529	0.0	-0.640602941176
165.375	-0.000766486961765	-0.00255405942382	0.0	-0.638432352941
166.5	-0.000689715556324	-0.00243371064412	0.0	-0.636358823529
167.625	-0.00061522578	-0.00230025857353	0.0	-0.634417647059
168.75	-0.000543773162206	-0.0021540535	0.0	-0.632594117647
169.875	-0.000475995858824	-0.00199516811176	0.0	-0.630885294118
171.0	-0.000412601990294	-0.00182459452794	0.0	-0.629326470588
172.125	-0.000354302276471	-0.00164323605441	0.0	-0.627908823529
173.25	-0.000301644391324	-0.00145165482206	0.0	-0.62665
174.375	-0.000255200002941	-0.00125089821029	0.0	-0.625532352941
175.5	-0.000215577151029	-0.00104242851471	0.0	-0.624608823529
176.625	-0.000183139000588	-0.000827293975	0.0	-0.623844117647
177.75	-0.000158309312059	-0.000606792823529	0.0	-0.623267647059
178.875	-0.000141330910779	-0.000382415767647	0.0	-0.622870588235
180.0	-0.000132432814706	-0.000155643073529	0.0	-0.622632352941
