0.0	0.00767808166667	-1.26381705882e-05	0.0	1.01869019608
1.125	0.00712355235294	-0.0017681925098	0.0	1.01710196078
2.25	0.00725531039216	-0.00526948629412	0.0	1.01476470588
3.375	0.00751237235294	-0.00876072784314	0.0	1.01014509804
4.5	0.00789755254902	-0.0122289568627	0.0	1.00325882353
5.625	0.00840889568627	-0.0156655662745	0.0	0.994070588235
6.75	0.00904417058824	-0.0190615235294	0.0	0.982666666667
7.875	0.00980216588235	-0.0224123117647	0.0	0.968988235294
9.0	0.0106784747059	-0.0257047647059	0.0	0.953090196078
10.125	0.0116699039216	-0.028930472549	0.0	0.935050980392
11.25	0.0127740843137	-0.0320869862745	0.0	0.914850980392
12.375	0.013986027451	-0.0351646352941	0.0	0.89251372549
13.5	0.0153007058824	-0.0381504647059	0.0	0.868137254902
14.625	0.0167140941176	-0.0410440156863	0.0	0.841733333333
15.75	0.0182201372549	-0.0438378960784	0.0	0.813364705882
16.875	0.0198119352941	-0.0465181431373	0.0	0.783066666667
18.0	0.0214847431373	-0.0490854156863	0.0	0.750921568627
19.125	0.0232348039216	-0.0515365313725	0.0	0.716996078431
20.25	0.0250541215686	-0.0538680470588	0.0	0.681305882353
21.375	0.0269309705882	-0.0560623137255	0.0	0.643952941176
22.5	0.0288649960784	-0.0581268196078	0.0	0.605035294118
23.625	0.0308482980392	-0.060054227451	0.0	0.564552941176
24.75	0.0328688509804	-0.0618410019608	0.0	0.522690196078
25.875	0.0349221803922	-0.0634813411765	0.0	0.479450980392
27.0	0.0369994607843	-0.0649726235294	0.0	0.434909803922
28.125	0.039095272549	-0.0663190823529	0.0	0.389184313725
29.25	0.0412003176471	-0.0675151627451	0.0	0.34237254902
30.375	0.0433065058824	-0.0685570764706	0.0	0.294549019608
31.5	0.0454037137255	-0.069443372549	0.0	0.245803921569
32.625	0.0474887803922	-0.0701828078431	0.0	0.196215686274
33.75	0.0495510627451	-0.0707679529412	0.0	0.145905882353
34.875	0.0515813568627	-0.0711973568627	0.0	0.0949960784314
36.0	0.0535758901961	-0.0714754431373	0.0	0.0435294117647
37.125	0.0555243176471	-0.0716059235294	0.0	-0.0083137254902
38.25	0.0574189588235	-0.0715894764706	0.0	-0.0605098039216
39.375	0.0592570941176	-0.0714293803922	0.0	-0.112992156863
40.5	0.0610317705882	-0.0711291411765	0.0	-0.165498039216
41.625	0.0627350901961	-0.0706898882353	0.0	-0.218125490196
42.75	0.0643574921569	-0.0701193666667	0.0	-0.270603921569
43.875	0.0658951215686	-0.0694180098039	0.0	-0.323058823529
45.0	0.0673005941176	-0.0686154784314	0.0	-0.374839215686
46.125	0.0686775411765	-0.0678238254902	0.0	-0.425588235294
47.25	0.0700994196078	-0.0670064254902	0.0	-0.476690196078
48.375	0.0714744941176	-0.0660470058824	0.0	-0.527415686275
49.5	0.0727686137255	-0.0649781686275	0.0	-0.576996078431
50.625	0.0739769137255	-0.0638065843137	0.0	-0.6256
51.75	0.0750855	-0.0625382803922	0.0	-0.673062745098
52.875	0.0760891235294	-0.061179854902	0.0	-0.719443137255
54.0	0.076978254902	-0.0597345843137	0.0	-0.764564705882
55.125	0.0777450941176	-0.0582011372549	0.0	-0.808384313726
56.25	0.0783855627451	-0.0565834372549	0.0	-0.850909803922
57.375	0.0788930372549	-0.0548897137255	0.0	-0.891933333333
58.5	0.079258754902	-0.0531226862745	0.0	-0.931474509804
59.625	0.0794795647059	-0.0512886078431	0.0	-0.969466666667
60.75	0.0795625117647	-0.0493974313725	0.0	-1.00577254902
61.875	0.0794943117647	-0.0474505117647	0.0	-1.04038431373
63.0	0.0792738529412	-0.0454579862745	0.0	-1.07321960784
64.125	0.0789013843137	-0.0434276764706	0.0	-1.10423529412
65.25	0.0783819058824	-0.0413686078431	0.0	-1.13341568627
66.375	0.0777083117647	-0.0392861254902	0.0	-1.16067058824
67.5	0.0768785588235	-0.0371895333333	0.0	-1.186
68.625	0.0759004960784	-0.0350833	0.0	-1.2094
69.75	0.0747733058824	-0.0329809490196	0.0	-1.23077647059
70.875	0.0735069980392	-0.0308923686275	0.0	-1.25021568627
72.0	0.0720872372549	-0.0288163607843	0.0	-1.26767058824
73.125	0.0705371647059	-0.0267675686275	0.0	-1.28311372549
74.25	0.0688600215686	-0.0247564117647	0.0	-1.29662352941
75.375	0.0670582647059	-0.0227867921569	0.0	-1.3082
76.5	0.0651277333333	-0.0208643647059	0.0	-1.31787058824
77.625	0.0630886470588	-0.0189977	0.0	-1.32570588235
78.75	0.060950472549	-0.0171951215686	0.0	-1.33167058824
79.875	0.0587102921569	-0.0154613803922	0.0	-1.33593333333
81.0	0.0563886745098	-0.0138028352941	0.0	-1.33845490196
82.125	0.0540007745098	-0.0122262537255	0.0	-1.33936078431
83.25	0.0515465254902	-0.0107335888235	0.0	-1.33872941176
84.375	0.0490366529412	-0.00932918529412	0.0	-1.33660784314
85.5	0.0464949529412	-0.0080189827451	0.0	-1.33311372549
86.625	0.043926645098	-0.00680183803922	0.0	-1.32835294118
87.75	0.0413395823529	-0.00568305784314	0.0	-1.32237254902
88.875	0.0387491078431	-0.00466033627451	0.0	-1.31530196078
90.0	0.0361684196078	-0.00373599156863	0.0	-1.30723529412
91.125	0.0336097294118	-0.00290954960784	0.0	-1.29828235294
92.25	0.0310844901961	-0.00217886431373	0.0	-1.28854509804
93.375	0.0286035235294	-0.00154190282353	0.0	-1.27814509804
94.5	0.0261766490196	-0.000997397980392	0.0	-1.26710588235
95.625	0.0238123411765	-0.000539667666667	0.0	-1.25563921569
96.75	0.0215228019608	-0.000166999105294	0.0	-1.24376470588
97.875	0.0193184705882	0.000126684308039	0.0	-1.2316
99.0	0.017201337451	0.000345905771118	0.0	-1.21923921569
100.125	0.015178797451	0.000495485123529	0.0	-1.20672941176
101.25	0.0132594696078	0.000581841229412	0.0	-1.19420784314
102.375	0.0114457070588	0.000610447321569	0.0	-1.18168235294
103.5	0.00973826019608	0.000587177319608	0.0	-1.16928627451
104.625	0.00814174745098	0.000518426658431	0.0	-1.15702352941
105.75	0.00665714058824	0.000409761494118	0.0	-1.14498039216
106.875	0.0052829642451	0.000267256509804	0.0	-1.13319607843
108.0	0.00401973574706	9.64407745098e-05	0.0	-1.12169411765
109.125	0.00286575319608	-9.68763901961e-05	0.0	-1.11056470588
110.25	0.00181815790196	-0.000307982392157	0.0	-1.09977254902
111.375	0.000872789333333	-0.000532253201961	0.0	-1.08935686275
112.5	2.6251827451e-05	-0.000765273017647	0.0	-1.07936470588
113.625	-0.000726510472549	-0.00100325656529	0.0	-1.06975294118
114.75	-0.00139035252157	-0.00124282439216	0.0	-1.06061568627
115.875	-0.00197109213353	-0.001481021	0.0	-1.05185098039
117.0	-0.00247396981176	-0.00171501090196	0.0	-1.04351372549
118.125	-0.00290473468745	-0.00194269539216	0.0	-1.0356
119.25	-0.00326913668235	-0.0021618177451	0.0	-1.02808235294
120.375	-0.00357194213725	-0.00237025176471	0.0	-1.02094509804
121.5	-0.00381785480392	-0.00256581156863	0.0	-1.01417647059
122.625	-0.00401133694118	-0.0027465227451	0.0	-1.00774117647
123.75	-0.0041556772549	-0.00291001333333	0.0	-1.0016745098
124.875	-0.00425354666667	-0.00305362607843	0.0	-0.995901960784
126.0	-0.00430745215686	-0.00317502705882	0.0	-0.990439215686
127.125	-0.00431944313725	-0.00327139392157	0.0	-0.985270588235
128.25	-0.00429114509804	-0.00334030019608	0.0	-0.980388235294
129.375	-0.00422439490196	-0.00337982705882	0.0	-0.975807843137
130.5	-0.00412110431373	-0.00338822862745	0.0	-0.971501960784
131.625	-0.0039834427451	-0.00336437333333	0.0	-0.967490196078
132.75	-0.00381458372549	-0.00330812941176	0.0	-0.963796078431
133.875	-0.00361787607843	-0.00322036694118	0.0	-0.960423529412
135.0	-0.00339884156863	-0.00310200841176	0.0	-0.957364705882
136.125	-0.00316746019608	-0.0029621833	0.0	-0.95471372549
137.25	-0.00292554156863	-0.00280585603922	0.0	-0.952380392157
138.375	-0.00267241090196	-0.00263205722745	0.0	-0.950396078431
139.5	-0.00241503807059	-0.00244440584314	0.0	-0.948768627451
140.625	-0.00215876424118	-0.00224860021569	0.0	-0.947494117647
141.75	-0.00190900105882	-0.00205001011765	0.0	-0.94657254902
142.875	-0.00167030423529	-0.00185398944314	0.0	-0.946019607843
144.0	-0.00144637331373	-0.00166521957451	0.0	-0.945752941176
145.125	-0.00123983984314	-0.00148785247059	0.0	-0.945768627451
146.25	-0.00105261282745	-0.00132526237451	0.0	-0.946078431373
147.375	-0.000885653843137	-0.00117989539216	0.0	-0.946643137255
148.5	-0.000739009045098	-0.00105331882353	0.0	-0.947396078431
149.625	-0.000611978647059	-0.000946323823529	0.0	-0.94837254902
150.75	-0.000503413994118	-0.000859183098039	0.0	-0.949505882353
151.875	-0.000411563084314	-0.000791189529412	0.0	-0.950815686275
153.0	-0.000334523978431	-0.000741284186275	0.0	-0.952239215686
154.125	-0.000270168131373	-0.000707973882353	0.0	-0.953784313725
155.25	-0.000216393647059	-0.000689593509804	0.0	-0.955443137255
156.375	-0.000171081009804	-0.000684024372549	0.0	-0.957184313726
157.5	-0.000132282084314	-0.000689024058824	0.0	-0.958996078431
158.625	-9.81689803922e-05	-0.000702421509804	0.0	-0.960862745098
159.75	-6.72495098039e-05	-0.000721816588235	0.0	-0.962784313726
160.875	-3.81720980392e-05	-0.000744927568627	0.0	-0.964733333333
162.0	-9.76765098039e-06	-0.000769220639216	0.0	-0.966682352941
163.125	1.87428509804e-05	-0.000792582607843	0.0	-0.968666666667
164.25	4.79131862745e-05	-0.000812838647059	0.0	-0.970619607843
165.375	7.81567058824e-05	-0.000827795568627	0.0	-0.972537254902
166.5	0.000109638770588	-0.000835442431373	0.0	-0.974407843137
167.625	0.000142228992157	-0.00083431527451	0.0	-0.976235294118
168.75	0.000175628658824	-0.00082299927451	0.0	-0.97797254902
169.875	0.000209439960784	-0.00080031017451	0.0	-0.979596078431
171.0	0.000243042627451	-0.000765816843137	0.0	-0.981133333333
172.125	0.000275707431373	-0.000719294	0.0	-0.982509803922
173.25	0.000306730862745	-0.000660697176471	0.0	-0.983780392157
174.375	0.000335291484314	-0.000590549290196	0.0	-0.984870588235
175.5	0.000360623568627	-0.000509931801961	0.0	-0.985784313726
176.625	0.000382045507843	-0.000420051764706	0.0	-0.986533333333
177.75	0.00039889534451	-0.000322518627451	0.0	-0.98708627451
178.875	0.000410728770588	-0.000219278823529	0.0	-0.987454901961
180.0	0.000417137341961	-0.000112469019608	0.0	-0.987596078431
